40063
40092
40146
40160
40165
40241
40266
40325
40461
40597
40772
40845
40862
40958
41352
41725
41726
41737
41755
41795
41809
41868
42190
42217
42461
42483
42551
42714
42858
42883
43277
43311
43346
43430
43614
43752
43784
43827
43891
43933
43972
44114
44127
44241
44375
44432
44549
44562
44620
44638
44659
44791
44930
45222
45273
45294
45400
45544
45547
45697
45806
45807
46062
46304
46539
46642
46819
46954
47173
47215
47218
47398
47533
47554
47737
47867
47957
48003
48011
48108
48110
48227
48357
48380
48394
48661
48976
49055
49121
49157
49194
49457
49543
49557
49568
49647
49680
49894
49907
49983
